function units = req20180123_remove_bad_units(units)
% New New bad list


cluDrop = [ 1, 61;... er01 20110119
            1,128;...
            1,151;...
            1,205;...
            ... er01 20110121            
            2, 20;
            2, 32;...
            2, 33;...            
            2, 38;...
            2, 39;...            
            2, 42;...                        
            2, 65;...
            2, 74;...            
            2,108;...
            2,114;...
            2,133;... 
            ... ER06 20140612
            3,  3;... 
            3,  6;...             
            3, 17;...
            3, 18;...             
            3, 22;...
            3, 26;...
            3, 29;...
            3, 37;...
            3, 39;...
            3, 45;...            
            3, 47;...
            3, 48;...
            3, 52;...            
            3, 65;...                        
            3, 66;...
            3, 77;...            
            3, 82;...            
            3, 90;...
            3, 99;...
            3,117;...            
            3,127;...                        
            3,142;...
            3,156;...            
            3,164;...
            3,194;...
            3,215;...
            ... ER06 20140613            
            4,  1;...            
            4,  6;...
            4,  8;...            
            4,  9;... low rate
            4, 12;... 
            4, 19;...
            4, 20;...             
            4, 27;... non specific
            4, 41;...
            4, 43;...
            4, 46;...
            4, 47;...            
            4, 50;...
            4, 52;... low rate
            4, 58;... low rate messy
            4, 64;... 
            4, 71;... 
            4, 72;...             
            4, 77;... low rate
            4, 78;... low rate
            4, 81;... 
            4, 82;... low rate
            4, 91;... low rate
            4, 96;... low rate
            4,100;...            
            4,105;...
            4,108;...
            4,116;...
            4,125;...            
            4,128;...
            4,130;... Object cell
            4,135;...
            4,142;...
            4,152;...            
            4,158;...
            4,172;...            
            4,173;...
            4,188;...
            ... ER06 20140614
            5,  3;...
            5,  6;...
            5, 19;... 
            5, 20;...
            5, 23;...            
            5, 25;...
            5, 28;...
            5, 29;...
            5, 46;...            
            5, 50;...
            5, 52;...
            5, 57;...
            5, 60;...            
            5, 64;...
            5, 66;...            
            5, 68;...
            5, 70;...            
            5, 75;...
            5, 78;...
            5, 87;...
            5,101;...            
            5,107;...
            5,113;...                        
            5,116;...
            5,117;...
            5,140;...            
            5,143;...                        
            ... Ed10 20140816
            6,  1;...            
            6,  3;...                        
            6,  5;...                        
            6, 22;...
            6, 27;...            
            6, 36;...                        
            6, 39;...            
            6, 50;...
            6, 75;...
            6, 78;...
            6, 93;...            
            6, 96;...
            6, 97;...            
            6, 99;...
            ... Ed10 20140817            
            7,  4;...            
            7,  5;...
            7, 20;...
            7, 22;...
            7, 34;...            
            7, 45;...            
            7, 49;...                        
            7, 79;...
            7, 83;...
            7, 95;...            
            7, 98;...
            7, 100;...            
            ... jg04 20120128
            8, 25;...            
            8, 35;...
            ... jg04 20120129
            9,  5;...            
            9,  7;...
            9,  8;...
            9, 38;...
            9, 40;...
            9, 41;...
            9, 45;...            
            9, 45;...                        
            9, 56;...                                    
            ... jg04 20120130
           10, 12;...
           10, 14;...
           10, 16;...
            ... jg04 20120131            
           11,  6;...
           11,  9;...
           11, 13;...
           11, 23;...
            ... jg04 20120201
           12,  4;...
           12,  5;...
           12, 12;...
           12, 15;...
           12, 30;...
            ... jg04 20120210            
           13,  2;...
           13,  7;...            
           13, 25;...
           13, 27;...            
            ... jg04 20120211
           14, 12;...
            ... jg04 20120212
           15,  1;...
           15,  9;...            
           15, 18;...
           15, 29;...
            ... jg04 20120213            
           16,  4;...
           16,  6;...
            ... jg05 20120309            
           17, 11;...
           17, 21;...            
           17, 22;...                        
           17, 26;...
           17, 43;...            
           17, 45;...
           17, 47;...
           17, 51;...            
           17, 52;...                        
           17, 57;...            
           17, 63;...
           17, 71;...
           17, 73;...            
           17, 75;...
           17, 85;...
           17, 95;...
           17,118;...
            ... jg05 20120310
           18, 26;...
           18, 32;...
           18, 36;...
           18, 38;...            
           18, 47;...
           18, 58;...
           18, 68;...            
           18, 73;...
           18, 87;...            
           18, 94;...
           18,106;...            
            ... jg05 20120311
           19,  5;...
           19, 14;...
           19, 23;...
           19, 34;...
           19, 40;...
           19, 43;...
           19, 47;...
           19, 60;...            
           19, 65;...            
           19, 73;...                        
           19, 74;... grid
           19, 77;...
           19, 89;...
           19,111;...            
           19,131;...                        
           19,147;...
           19,155;...
           19,174;... inve
           19,176;...            
           19,178;...
           19,183;... inve
           19,186;...
           19,190;...
           19,194;...            
           19,196;...            
            ... jg05 20120312
           20,  5;...
           20, 22;...            
           20, 23;...
           20, 37;... 
           20, 64;...
           20,128;...
           20,146;...
           20,167;...
            ... jg05 20120315
           21,  4;...            
           21, 20;...
           21, 29;...
           21, 30;...
           21, 53;...
           21, 58;...
            ... jg05 20120316
           22, 27;...
           22, 29;...
           22, 46;...            
           22, 52;...                        
           22, 64;...
            ... jg05 20120317
           23,  8;...
           23, 11;...
           23, 19;...
           23, 39;...
           23, 44;...
           23, 45;...            
           23, 49;...
           23, 53;...
            ... jg05 20120323
           24,  1;...
           24, 38;...            
           24, 43;...                        
           24, 50;...
            ... jg05 20120324
           25,  1;...
           25, 48;...
           25, 61;...            
            ... ER06 20120624
           26, 17;...
           26, 18;...
           26, 19;...
           26, 46;...
           26, 55;...            
           26, 56;...
           26, 58;...
           26, 61;...
